TILEMAP
32 24 							-- Size of tile map in tiles
8 8 							-- Tile size & block size
images/tiles_red.png 	-- Tilesheet
16 16 								-- Number of tiles in tilesheet
0 0 0 0 0 0 0 0 0 0 0 0 0 0 0 0 0 0 0 0 0 0 0 0 0 0 0 0 0 0 0 0
0 0 -310119 0 0 0 0 0 0 0 0 0 0 0 0 0 0 0 0 0 0 0 0 0 0 0 -312519 0 0 0 0 0
81 0 101 0 0 0 0 0 0 0 0 0 0 37 0 0 0 0 0 0 0 37 0 0 0 0 101 0 0 37 0 -330103
82 0 101 0 0 0 0 0 0 0 0 0 0 37 0 0 0 0 0 0 0 37 0 0 0 0 101 0 0 37 0 -330103
81 0 101 0 0 0 0 0 0 0 0 0 0 38 0 0 -10 0 0 0 0 38 0 0 0 0 101 0 0 38 0 -330103
81 0 101 0 0 0 0 0 158 1 1 1 1 6 1 1 1 1 1 1 1 6 1 1 1 1 2 1 1 6 1 1
81 0 101 0 163 35 181 0 86 14 100 68 86 99 36 36 36 36 36 36 36 99 36 36 36 36 36 36 36 99 15 68
82 0 101 0 162 34 180 0 0 0 101 0 0 37 0 0 0 0 0 0 0 0 0 0 0 0 0 0 0 37 0 -330111
81 0 101 0 161 -531809 179 0 0 0 101 0 0 37 0 0 0 0 0 0 0 0 0 0 0 0 0 0 0 37 0 -330111
85 1 2 1 74 1 92 176 0 0 101 0 0 37 0 0 0 0 0 0 0 0 0 0 0 0 0 0 0 37 0 -330111
84 15 14 68 86 100 14 68 0 0 101 0 0 37 0 0 0 0 0 0 0 0 0 0 0 0 0 0 0 37 0 -330111
81 0 0 0 0 101 0 0 0 0 101 0 0 37 0 0 0 0 0 0 0 70 104 88 0 0 0 0 0 37 0 -330111
82 0 0 0 0 101 -1 0 0 0 101 0 0 38 0 0 0 0 0 0 -5 71 105 89 0 0 0 0 0 38 0 -330111
85 1 1 1 1 2 1 1 1 1 2 1 1 6 1 176 0 0 0 0 0 0 0 0 158 1 1 1 1 6 1 1
84 14 15 68 86 14 15 68 86 14 15 68 86 100 15 68 0 0 0 0 0 0 0 0 86 14 100 68 86 99 36 36
81 0 0 102 103 0 0 0 0 0 0 -3 0 101 0 0 0 0 0 0 0 0 0 0 0 0 101 0 0 0 0 -330117
82 0 0 0 0 0 0 0 0 0 0 0 0 101 0 0 0 0 0 0 0 0 0 0 0 0 101 0 0 0 0 -330117
81 0 0 0 0 0 0 0 0 0 0 0 0 101 0 0 0 0 0 0 0 73 106 91 0 0 101 0 0 0 0 -330117
81 0 0 0 0 0 0 0 0 -2 0 0 0 101 0 0 0 0 0 0 0 72 -10 90 0 0 101 0 0 0 0 -330117
85 1 1 1 1 1 1 1 1 1 1 1 1 2 1 1 1 1 1 1 1 157 1 175 1 1 2 1 1 1 1 1
117 118 117 118 117 118 117 118 117 118 117 118 117 118 117 118 117 118 117 118 117 118 117 118 117 118 117 118 117 118 117 118
31 32 31 32 31 32 31 32 31 32 31 32 31 32 31 32 31 32 31 32 31 32 31 32 31 32 31 32 31 32 31 32
0 0 0 0 0 0 0 0 0 0 0 0 0 0 0 0 0 0 0 0 0 0 0 0 0 0 0 0 0 0 0 0
0 0 0 0 0 0 0 0 0 0 0 0 0 0 0 0 0 0 0 0 0 0 0 0 0 0 0 0 0 0 0 0
