TILEMAP
32 24 							-- Size of tile map in tiles
8 8 							-- Tile size & block size
images/tiles_red.png 	-- Tilesheet
16 16 								-- Number of tiles in tilesheet
0 0 0 0 0 0 0 0 0 0 0 0 0 0 0 0 0 0 0 0 0 0 0 0 0 0 0 0 0 0 0 0
0 0 0 0 0 0 0 0 0 0 0 0 0 0 0 0 0 0 0 0 0 0 0 0 0 0 0 0 0 0 0 0
84 14 15 68 86 14 15 68 86 14 15 68 86 99 15 68 86 14 15 68 86 99 36 36 36 36 36 36 36 99 15 66
81 0 0 0 0 0 0 0 0 0 0 0 0 37 0 -3 0 0 0 0 0 37 0 0 0 0 0 0 0 37 0 160
82 0 0 0 0 0 0 0 0 0 0 0 0 37 0 0 0 0 0 0 0 37 0 0 0 0 0 0 0 37 0 159
81 0 0 0 0 0 0 0 0 0 0 0 0 37 0 0 0 0 0 0 0 37 0 0 0 0 0 0 0 37 0 160
81 0 0 0 -10 0 0 0 0 0 0 0 0 37 0 0 0 0 0 0 0 37 0 0 163 35 181 0 0 37 0 159
85 1 1 1 1 1 1 176 0 0 0 0 0 37 0 0 0 0 0 0 0 37 0 0 162 34 180 0 0 38 0 159
84 15 14 68 86 100 14 68 0 0 0 0 0 38 0 0 0 0 0 0 0 38 0 0 161 0 179 0 0 38 0 160
82 0 -4 0 0 101 0 0 158 1 1 1 1 6 1 1 1 1 1 1 1 6 1 1 74 1 92 1 1 6 1 67
81 0 0 0 0 101 0 0 86 14 100 68 86 99 36 36 36 36 36 36 36 99 36 36 36 36 36 36 36 99 15 66
82 0 0 0 0 101 0 0 0 0 101 0 0 37 0 0 0 0 0 0 0 37 0 0 0 0 0 0 0 37 0 160
81 0 0 0 0 101 0 0 0 0 101 0 0 37 0 0 0 0 0 0 0 37 0 0 0 0 0 0 0 37 0 159
85 1 1 1 1 2 1 176 0 0 101 0 0 37 0 0 0 0 0 0 0 37 0 0 0 0 0 0 0 37 0 159
84 14 100 68 86 14 15 68 0 0 101 0 0 37 0 0 0 193 194 195 0 37 0 0 0 0 0 0 0 37 0 159
81 0 101 0 0 0 0 0 0 0 101 0 0 37 0 0 0 209 210 211 0 37 0 0 0 0 0 0 0 37 0 160
82 0 101 0 0 0 0 0 0 0 101 0 0 38 0 0 0 225 0 227 0 38 0 0 0 0 0 0 0 38 0 159
81 0 101 0 0 0 0 0 158 1 2 1 1 6 1 1 1 22 1 24 1 6 1 1 1 1 1 1 1 6 1 67
81 0 101 0 0 0 0 0 86 14 15 68 86 99 36 36 36 36 36 36 36 99 15 68 86 14 100 68 86 99 36 36
82 0 101 0 0 0 0 0 0 0 0 0 0 37 0 0 0 0 0 0 0 37 0 0 0 0 101 0 0 37 0 0
81 0 101 0 0 0 0 0 0 0 0 0 0 37 0 0 0 0 0 0 0 37 0 0 0 0 101 0 0 37 0 0
81 0 101 0 0 0 0 0 0 0 0 0 0 37 0 0 0 0 0 0 0 37 0 0 0 0 101 0 0 37 0 0
0 0 0 0 0 0 0 0 0 0 0 0 0 0 0 0 0 0 0 0 0 0 0 0 0 0 0 0 0 0 0 0
0 0 0 0 0 0 0 0 0 0 0 0 0 0 0 0 0 0 0 0 0 0 0 0 0 0 0 0 0 0 0 0
